43 130
24  1
24  14
24  17
24  22
24  27
24  40
24  41
40  13
40  23
40  24
40  30
40  31
40  38
27  7
27  17
27  24
27  32
27  34
27  37
27  38
12  2
12  19
12  38
12  39
16  1
16  3
16  21
16  30
34  13
34  14
34  18
34  23
34  26
34  27
34  29
34  32
34  36
18  9
18  19
18  20
18  34
18  37
18  39
18  42
17  1
17  3
17  10
17  22
17  23
17  24
17  27
17  32
17  37
38  10
38  21
38  27
38  29
38  40
38  41
21   10 
21  16
21  23
21  31
21  35
21  36
21  37
21  38
11  4
11  6
11  9
11  14
11  15
11  22
30  7
30  16
30  19
30  28
30  32
30  40
6  11
6  13
6  15
6  31
6  32
6  42
5  10
5  14
5   26
7  25
7  27
7  29
7  30
7  32
7  42
36  13
36  21
36  22
36  34
36  37
36  42
20  1
20  8
20  9
20  14
20  18
20  28
20  29
20  32
42  1
42  2
42  3
42  6
42  7
42  8
42  18
42  28
42  33
42  36
37  1
37  10
37  17
37  18
37  21
37  23
37  27
37  28
37  32
37  36
37  39
37  41