After normalisation, worst-case coherence (mu) of PHI is: 0.574916
Guarantee of s-sparse recovery is 12.827237
RMSE: 0.7559792160650964
RMSE/length: 1.3179553976030274%
RMSE of vector e recovery: 29.63044719467177
RMSE of vector e/length: 0.6429213420030786%
=== PHI_star Matrix ===
[[ 9.31,  6.17, -3.91, ...,  2.47, -3.38, -8.73],
 [-3.78, -3.5 ,  4.59, ..., -5.56, -7.6 , -3.25],
 [ 8.86, -3.54,  0.38, ..., -7.73,  8.49,  7.55],
 ...,
 [ 5.42, -7.87, -5.4 , ...,  5.12, -4.67, -2.33],
 [-4.64,  6.41,  4.5 , ..., -4.26,  3.26,  0.05],
 [-3.31,  6.53,  4.55, ...,  3.97,  2.61,  8.83]]

=== Original Signal Vector w ===
[ 61,  24,  81,  70,  30,  92,  96,  84,  84,  97,  33,  12,  31,  62,  11,
  97,  39,  47,  11,  73,  69,  30,  42,  85,  67,  31,  98,  58, 100,  68,
  51,  69,  89,  24,  71,  71,  56,  71,  60,  64,  73,  12,  60,  16,  30,
  82,  48,  27,  13,  98]

=== Recovered Signal Vector w_guess ===
[60, 25, 81, 70, 29, 93, 96, 85, 83, 96, 34, 14, 31, 61, 11, 97, 39, 46,
 11, 73, 69, 30, 42, 83, 66, 31, 97, 57, 100, 69, 52, 69, 88, 24, 71, 70,
 55, 70, 59, 65, 73, 13, 60, 16, 29, 82, 47, 27, 13, 98]

=== Signal with error vector ===
[-3.0907e+03,  1.2163e+03,  6.6629e+02,  2.0928e+03,  4.0820e+03,
 -3.8988e+03, -3.1168e+03,  1.4375e+03, -1.7154e+03,  4.9798e+03,
  7.2058e+02, -6.8779e+01, -5.1268e+03, -2.1354e+03, -1.1773e+02,
  1.2374e+03, -1.9408e+03, -4.5461e+02, -2.7550e+03,  4.2612e+03,
  8.5675e+02,  1.2247e+03,  8.7778e+01, -3.2822e+03, -1.3436e+03,
 -1.3929e+03, -4.4952e+02, -2.2019e+03,  2.3527e+03, -2.1003e+03,
 -1.3515e+02,  1.3122e+03,  4.2050e+03, -3.4027e+03, -3.1909e+02,
 -2.2818e+03,  2.7920e+03, -1.3032e+03, -1.7397e+03, -2.2702e+03,
 -1.0172e+03,  1.9197e+03,  4.5572e+02,  2.5076e+03,  1.2613e+03,
 -2.2534e+03, -3.1505e+03, -4.2049e+03,  1.4784e+03,  9.8662e+02,
 -1.3969e+02, -2.6379e+03,  4.7799e+02, -1.7450e+03, -1.6512e+03,
  9.5325e+02,  1.1932e+03, -2.7047e+02,  5.2076e+03, -1.3849e+03,
 -2.1102e+03, -1.0886e+03, -2.3344e+03, -2.5505e+03, -9.0124e+02,
 -3.6132e+02,  1.1683e+03,  1.1101e+02,  3.4371e+03, -2.9398e+02,
 -1.6378e+03, -1.6380e+03, -4.7284e+03,  3.2439e+02,  2.5626e+03,
 -1.7524e+03, -3.7857e+03,  3.1779e+03, -4.7782e+03, -3.1666e+03,
  2.4304e+03, -3.4674e+03, -2.2084e+03,  2.0743e+02, -1.7795e+03,
  3.3101e+03, -2.2189e+03, -3.6261e+03,  2.3582e+03, -3.4272e+03,
  1.7029e+03,  3.8634e+02,  1.0140e+03, -1.1889e+03, -1.0440e+03,
 -1.0112e+03, -2.5832e+03,  1.4272e+02,  3.0111e+03,  1.6063e+03,
  6.7599e+02, -3.5355e+03,  7.9060e+02,  1.2264e+03,  1.6902e+03,
 -3.5045e+03,  1.0854e+03,  8.0486e+02, -1.4017e+03,  1.5359e+03,
  7.4139e+02, -1.6880e+02, -2.2053e+02, -2.8358e+03,  4.4822e+03,
  8.5900e+02, -1.1057e+03,  2.1130e+03, -5.7457e+01, -1.3799e+03,
 -1.0459e+02, -7.9903e+02, -2.9877e+03, -3.2199e+03,  2.1412e+03,
 -1.4549e+03,  8.7821e+02,  1.6828e+03, -4.7332e+02, -1.2924e+03,
 -2.7549e+03,  3.2959e+02,  9.0214e+01, -8.6827e+02, -1.9165e+03,
  1.3246e+03, -1.4436e+03, -2.2926e+03,  7.6507e+02, -2.6640e+03,
 -1.9616e+02, -8.9854e+02,  2.4318e+03,  2.7248e+02, -2.2845e+02,
 -1.4408e+03,  4.5611e+02, -2.9575e+03, -2.9382e+03, -5.1742e+02,
  7.0266e+02,  1.6860e+03, -1.0376e+03,  9.8196e+01, -2.6659e+03,
 -3.2643e+03, -4.5893e+03, -1.4644e+03, -8.9662e+02,  1.5401e+03,
 -6.4207e+02,  3.1363e+03, -7.4222e+02, -5.5046e+03, -1.1195e+03,
 -2.8161e+03, -1.4532e+02, -2.2235e+03,  7.6598e+02,  1.3160e+03,
  8.2538e+02,  1.8448e+03, -4.8621e+03, -1.3748e+03, -3.9423e+03,
  8.8744e+01, -9.4892e+02,  3.9772e+03,  2.3800e+02, -2.7044e+03,
 -7.3046e+02,  2.4468e+03,  6.1618e+02,  4.6532e+03, -4.1875e+03,
  2.2629e+03,  1.0479e+03, -8.7091e+01,  1.3599e+03, -2.0926e+03,
 -2.4329e+03, -8.6970e+01, -4.7486e+03, -2.6379e+02,  3.2283e+03,
  1.0670e+03,  3.0550e+03, -2.0696e+03,  8.7301e+02,  6.4243e+02,
  2.0888e+03, -3.9135e+03, -2.5565e+03, -1.7430e+03,  9.7665e+02,
  4.3109e+02,  4.7576e+03,  2.5877e+03,  4.5033e+03, -5.0902e+03,
  2.3640e+03,  1.1795e+03,  9.9621e+02, -7.4703e+02, -2.0855e+03,
 -1.7754e+03,  1.1652e+03, -1.8902e+03,  4.4292e+02,  2.3590e+03,
  1.7599e+03,  4.3914e+03,  3.9455e+03, -2.0472e+02, -1.9521e+03,
 -8.0108e+02,  2.0867e+03, -2.4469e+03,  8.0522e+02, -5.5062e+02,
  3.3675e+03, -1.1878e+03,  1.8102e+03, -1.2203e+03, -2.8883e+03,
  1.8328e+03,  3.6342e+03, -9.8199e+02, -6.7029e+02,  7.6636e+02,
  1.9583e+03, -7.9253e+02, -2.0855e+03, -5.8893e+02,  3.0321e+03,
  1.1456e+03, -1.5519e+03,  1.9966e+03, -1.5300e+03, -2.2302e+03,
  1.4425e+03,  3.0680e+02, -8.4863e+02, -1.5050e+03, -1.9585e+03,
 -3.2742e+03,  1.3082e+03,  3.3198e+03, -2.1478e+03, -7.9156e+02,
  4.4071e+03, -5.4600e+03, -4.3166e+03,  6.0042e+02, -8.9114e+02,
 -2.0119e+02, -8.0504e+02, -3.6683e+03, -3.4291e+02, -5.1908e+02,
 -1.0817e+03, -2.7368e+03,  2.7473e+03, -5.1112e+02, -2.0753e+02,
 -1.5176e+03, -3.2879e+02,  1.8829e+03,  2.2933e+03, -2.1770e+03,
 -2.5086e+03,  1.4637e+03, -3.0457e+03,  5.8469e+02,  5.1594e+03,
  2.6788e+00,  3.8119e+03,  8.4808e+02,  1.3577e+03,  2.0312e+02,
 -1.3128e+02,  5.7933e+03,  1.2707e+03,  1.1036e+03,  2.6161e+03,
 -1.1132e+03, -2.1395e+03, -7.1768e+02, -8.3799e+02,  8.4916e+02,
 -5.0765e+03, -2.9694e+03, -2.0158e+03,  1.2953e+03,  1.5908e+02,
  4.2104e+03, -2.8125e+03,  3.0031e+03, -1.1107e+03,  9.3833e+02,
  3.2606e+02,  1.1360e+03, -4.3458e+02, -3.7777e+03, -2.4064e+03,
 -2.8805e+03, -9.5845e+02, -1.8674e+03, -5.1040e+02,  3.3531e+03,
 -6.7919e+02,  2.8142e+03,  1.9918e+03,  2.1992e+03,  2.2452e+02,
  1.5921e+03, -2.4685e+03,  2.7425e+02, -2.6582e+03, -7.1363e+02,
  2.7351e+03, -1.9799e+03,  2.0219e+03,  1.1272e+03,  3.7060e+03,
  3.5144e+03,  3.8235e+03,  1.1345e+03,  3.3005e+03,  1.0747e+03,
  7.1421e+02,  1.0936e+03,  5.2332e+03, -9.9330e+02,  8.2576e+02,
  1.7982e+03, -2.3418e+03,  1.4838e+03, -3.7107e+03,  3.1507e+03,
  4.8095e+03, -6.0176e+02, -7.1662e+02,  8.4894e+02, -2.2129e+03,
 -1.4526e+03, -1.4567e+01, -1.4102e+03,  6.1193e+02,  4.6232e+03,
  5.7971e+03, -3.0009e+03,  1.4685e+03, -1.6620e+03, -5.2579e+03,
  1.4079e+03,  8.7326e+02,  1.9571e+03,  1.4459e+02, -1.4184e+03,
  1.9233e+03,  1.1550e+03,  5.8144e+03,  4.7730e+03,  8.5362e+02,
  4.1166e+03, -2.7198e+03,  8.5176e+02, -6.0755e+02, -4.5371e+03,
 -2.5403e+03, -7.3464e+02,  1.9219e+03,  1.8049e+03, -2.5466e+02,
  4.9555e+03,  5.0453e+03,  1.0388e+03, -2.2987e+03,  6.4142e+03,
 -1.4765e+03, -1.0425e+03,  5.5879e+02, -6.2176e+03,  2.3481e+03,
  2.3351e+02,  9.2763e+02,  1.5332e+02,  2.4328e+03, -2.7188e+03,
  2.1301e+02,  1.3133e+03, -6.4402e+02,  3.8944e+02,  1.1280e+03,
  2.1912e+02,  2.0911e+03,  1.7198e+03, -4.7431e+03, -2.8862e+02,
 -1.5832e+03,  4.2961e+03, -3.7794e+03,  3.9379e+03,  2.0856e+03,
  2.4324e+03,  1.0566e+03,  4.1489e+03,  4.6718e+03, -2.6140e+03,
 -5.8419e+02, -9.5222e+02, -1.3533e+03,  8.9798e+02, -2.3188e+03,
  2.3307e+03, -1.7617e+03,  7.7958e+02, -4.8326e+02,  1.2196e+03,
 -7.2364e+02,  6.6045e+02, -4.1032e+03,  2.6727e+03, -1.0597e+03,
 -2.7409e+03,  1.4801e+03, -1.8945e+02,  4.2965e+03,  5.1365e+03,
  7.9404e+02,  3.1339e+03, -1.2998e+03, -2.2012e+03,  1.8928e+03,
  2.8154e+03, -5.3168e+01, -4.5288e+03,  5.2700e+03,  5.5771e+03,
  2.1485e+03,  4.1525e+03, -1.2362e+03,  6.0326e+02,  3.7065e+03,
  1.6628e+03,  8.2232e+02,  3.9289e+03, -1.0102e+03, -4.0275e+03,
  1.9943e+03, -7.3182e+02,  4.9936e+03, -6.2233e+03, -1.8829e+03,
 -1.2560e+03, -7.7992e+02,  1.3878e+03,  2.8709e+03,  2.3530e+03,
  4.0036e+03, -1.0472e+03,  2.5851e+02,  5.7089e+02, -1.0480e+02,
 -3.6048e+02,  1.2587e+03, -6.6496e+02, -3.2348e+02, -1.3474e+03,
 -3.6844e+03,  7.3215e+02,  1.2023e+03,  2.2049e+03, -3.4112e+02,
 -1.0153e+03, -4.4787e+02, -5.1667e+01, -3.5538e+03,  4.1466e+03,
 -2.2910e+03, -7.5565e+02, -2.4089e+03, -1.6701e+03, -2.8391e+03,
  7.5639e+02, -1.3900e+03, -2.4755e+03, -9.7852e+02,  1.8505e+03]

=== Original Error Vector e ===
e is 5-sparse
[59, 11, -57, -10, 39, 68, 92, 21, 5, -96, -86, 7273, -89, -20, -33, 27, 7,
 19, -6, -44, 91, -83, -6662, -38, 3, -78, -86, -14, 48, -46, 12, -44, -22,
 81, 71, 3, -52, -61, 91, -59, 62, -26, 97, -26, -30, 27, 92, 95, 41, 51,
 13, 51, 72, -3, 24, 7, 12, 78, -29, -58, -9, -58, 0, 81, 23, 71, -67, 80,
 20, -94, 27, 90, -84, 16, 83, -98, 26, -5, -31, 26, -89, 51, -99, -39, 1,
 -25, -39, 66, 87, 75, 4, 77, 84, -18, -43, -80, -4, 89, 12, 34, -77, -71,
 -7, 90, -28, 75, -76, 23, 20, 72, -99, -62, -56, 90, -69, -93, 7, 6, 69,
 90, 8, 86, 45, -47, 86, 33, -17, 36, -20, -77, 44, 65, 46, -54, 91, -95,
 -33, -48, -90, -19, 25, 77, 98, 62, -6, 45, 69, -7, 57, -3, -23, 5, 35,
 45, -29, 14, 82, 95, -55, -61, 35, -17, -95, -31, 61, 59, -1, -5, 16, -56,
 5, -98, -5, -33, 35, 28, -24, -99, -50, 27, -86, -78, 29, 51, -36, -2, 89,
 89, -38, 62, 19, 95, -4, 55, 54, -1, 59, -48, -76, -15, 89, 0, 27, 25,
 -73, -22, 41, 94, -66, -18, -81, -52, -25, 8, -54, -54, 56, 93, -35, 38,
 -48, 86, 35, 61, -90, 20, 6, -41, -48, 16, 41, -93, 13, -66, -72, 25, -38,
 -12, -28, 30, -6, 93, -30, 48, -49, 2, 11, -34, -6, -44, -99, -57, 40, 54,
 -44, -18, -93, -53, 56, 21, -59, -49, 63, -58, -33, 33, 12, -8, 80, -56,
 48, -68, 23, 74, -8, 45, 64, -73, 41, 84, 15, -63, -75, -48, -79, 6680,
 -86, -55, -12, -5, 13, 41, -91, -84, -88, -15, -92, 49, -55, 88, -3, -11,
 56, 43, 21, 87, -16, 62, -24, 68, -48, -42, 36, -57, -54, -39, 36, 78, 35,
 66, 9, -86, -80, 11, -34, -56, -7, 33, -23, 61, 48, 47, 97, -41, 29, 71,
 16, 58, -17, 18, -89, 97, 60, 74, 39, -63, -94, 73, -21, -47, 12, -16, 30,
 -3, 39, 71, -61, -34, -13, 92, -27, -24, 31, -16, 90, 79, 3, 29, -88, 39,
 41, -28, -56, 83, -15, 31, -93, -17, 63, -22, 21, -58, -17, 86, 13, 80,
 80, 89, 79, -99, 87, -73, -92, -89, -30, 24, -20, -95, -5, -12, 51, -44,
 -56, -49, -39, 20, -6, -33, -25, -26, 94, -53, 64, 42, -99, 99, 51, 36,
 -19, 11, -49, -93, 67, 79, -68, 57, 48, -64, -16, -15, 52, 68, -81, 13,
 52, 57, -70, 5, 72, -36, -15, 61, -82, 72, -38, -100, -7005, -82, -82, 39,
 -57, 87, 3, -8, -13, 39, -10, -74, 76, -14, -85, 6, 29, -45, 60, 34, 30,
 -16, 92, -45, 16, -38, 49, -90, -91, 62, -13, -32, 22, 40, -60, -63, 92,
 18, -22, 60, 5, -7332, -59, -21, 72, -88, -56, 79, -76, 26, -57, 21, -23,
 -80]

=== Recovered Error Vector e_guess ===
[21, 20, 0, 10, 59, 51, 65, -10, -51, -85, -80, 7211, -96, -4, -17, 0, 0,
 24, 0, -54, 49, -16, -6582, -96, 33, -59, -101, 0, 74, -23, 10, -47, -27,
 32, 39, 0, -28, -76, 76, -61, 42, -11, 44, -8, -32, 35, 60, 70, 91, 39,
 -3, 17, 106, 0, 35, 0, 0, 49, 7, -100, -91, -52, -10, 73, 0, 79, -104, 68,
 22, -96, 25, 94, -74, -4, 91, -95, 41, 3, -44, 0, -105, 56, -95, -73, -36,
 0, -52, 3, 86, 37, 29, 80, 58, -55, -37, -71, 0, 108, 0, 60, -86, -82, 15,
 101, -4, 3, -73, 44, 47, 74, -53, -29, -29, 43, -43, -51, -31, 15, 49, 83,
 18, 37, 23, -61, 108, 6, 23, 29, -35, -88, 27, 79, 31, -37, 65, -88, -19,
 -53, -83, -28, 17, 79, 71, 33, 0, 25, 100, 45, 29, -5, 11, -11, 45, 29, 5,
 0, 19, 127, -36, -57, 22, 0, -74, -53, 45, 13, -55, 0, 29, -30, 0, -70,
 -34, -92, -26, 14, 12, -59, -2, 60, -67, -66, 55, 114, -71, 0, 86, 104,
 -28, 48, 0, 68, -29, 34, 53, 0, 72, -50, -10, 0, 123, 0, 11, 0, -65, -12,
 59, 116, -37, 0, -41, -26, -29, -18, -26, -12, 27, 111, -37, 70, -20, 99,
 52, 25, -125, 34, 41, -5, -49, 10, 56, -132, 28, -31, -37, 27, -22, 5,
 -40, 33, -17, 57, -91, 27, -15, 34, 48, -10, 0, -72, -50, 10, 30, 17, -20,
 -37, -58, 1, 54, 6, -95, -63, 26, -70, -91, 44, 2, 0, 59, -64, 48, -57, 0,
 86, 0, -6, 73, -127, 0, 89, 3, -83, -100, -13, -21, 6587, -49, -32, -23,
 25, 5, 70, -63, -30, -25, -25, -94, 48, -58, 57, 3, 1, 19, 95, 24, 120, 0,
 49, -1, 16, 2, 0, 64, -97, -113, -21, 0, 73, 25, 66, 32, -94, -50, -15,
 -58, -12, 0, 40, -41, 45, 8, 51, 50, -49, 56, 124, -4, 28, 0, 56, -49, 60,
 55, 74, 50, -49, -135, 104, -30, -11, 36, -77, 0, -29, 55, 81, -31, -43,
 -1, 127, -65, -8, 22, -31, 29, 85, -13, 0, -26, -11, 19, -12, -37, 157, 0,
 86, -120, 0, 38, 0, 0, -84, 16, 66, -53, 90, 86, 93, 32, -18, 66, -92,
 -77, -99, -34, 2, 10, -85, 26, -106, 24, -41, -36, -35, 26, 0, -6, 0, -61,
 -64, 29, -30, 37, 74, -100, 121, 40, 86, 0, 23, -39, -90, 78, 58, -137, 0,
 32, -19, -36, 0, 38, 85, -77, 31, 65, 42, -59, 25, 90, -2, 10, 56, -61,
 30, 0, -102, -6972, -90, -46, 47, -33, 143, 9, -45, 0, 0, -15, -10, 50,
 -29, -88, 55, 27, -69, 13, 46, 20, 5, 104, -15, 2, -21, 38, -94, -115, 4,
 33, -30, -21, 0, -68, -82, 102, -6, -55, 72, -27, -7273, -65, 0, 4, -96,
 -86, 102, -93, 23, -44, 33, 0, -65]

